Video ID,Video Title,Status,Stream URL
6985f313263e12185c65c5e2,Abraham Lincoln,DOWN,https://castify-backblaze.b-cdn.net/29/481/MV24.mp4
6985f476263e12185c65c6de,Alimony,DOWN,https://castify-backblaze.b-cdn.net/29/481/MV271.mp4
6985f46a263e12185c65c6d5,Anatomy of a Psycho,DOWN,https://castify-backblaze.b-cdn.net/29/481/MV453.mp4
6985f2e3263e12185c65c5be,As You Like It,DOWN,https://castify-backblaze.b-cdn.net/29/481/MV200.mp4
6985f2df263e12185c65c5bb,Bank Alarm,DOWN,https://castify-backblaze.b-cdn.net/29/481/MV270.mp4
6985f40e263e12185c65c696,Becky Sharp,DOWN,https://castify-backblaze.b-cdn.net/29/481/MV279.mp4
6985f360263e12185c65c61b,Beggars in Ermine,DOWN,https://castify-backblaze.b-cdn.net/29/481/MV256.mp4
6985f38c263e12185c65c63c,Behind Green Lights,DOWN,https://castify-backblaze.b-cdn.net/29/481/MV131.mp4
6985f466263e12185c65c6d2,Bird of Paradise,DOWN,https://castify-backblaze.b-cdn.net/29/481/MV190.mp4
6985f334263e12185c65c5fa,Blonde Comet,DOWN,https://castify-backblaze.b-cdn.net/29/481/MV268.mp4
6985f350263e12185c65c60f,Blood on the Sun,DOWN,https://castify-backblaze.b-cdn.net/29/481/MV194.mp4
6985f26d263e12185c65c567,Born to Gamble,DOWN,https://castify-backblaze.b-cdn.net/29/481/MV225.mp4
6985f47a263e12185c65c6e1,Born to Win,DOWN,https://castify-backblaze.b-cdn.net/hw/198/29/481/MV193.mp4
6985f3b4263e12185c65c657,Bowery Blitzkrieg,DOWN,https://castify-backblaze.b-cdn.net/29/481/MV102.mp4
6985f3ef263e12185c65c67e,Breaking the Ice,DOWN,https://castify-backblaze.b-cdn.net/29/481/MV231.mp4
6985f348263e12185c65c609,By Appointment Only,DOWN,https://castify-backblaze.b-cdn.net/29/481/MV244.mp4
6985f3fb263e12185c65c687,Captain Kidd,DOWN,https://castify-backblaze.b-cdn.net/29/481/MV186.mp4
6985f3d8263e12185c65c66f,Cheers for Miss Bishop,DOWN,https://castify-backblaze.b-cdn.net/29/481/MV278.mp4
6985f3c7263e12185c65c666,Child Bride,DOWN,https://castify-backblaze.b-cdn.net/29/481/MV185.mp4
6985f261263e12185c65c55e,City Without Men,DOWN,https://castify-backblaze.b-cdn.net/29/481/MV229.mp4
6985f2fe263e12185c65c5d3,Condemned to Live,DOWN,https://castify-backblaze.b-cdn.net/29/481/MV450.mp4
6985f3eb263e12185c65c67b,Convict's Code,DOWN,https://castify-backblaze.b-cdn.net/29/481/MV145.mp4
6985f29a263e12185c65c588,Crashing Thru Danger,DOWN,https://castify-backblaze.b-cdn.net/29/481/MV243.mp4
6985f2bd263e12185c65c5a3,Cyrano de Bergerac,DOWN,https://castify-backblaze.b-cdn.net/29/481/MV208.mp4
6985f3cb263e12185c65c669,Damaged Lives,DOWN,https://castify-backblaze.b-cdn.net/29/481/MV175.mp4
6985f323263e12185c65c5ee,Day of Resurrection,DOWN,https://castify-backblaze.b-cdn.net/29/481/MV55.mp4
6985f41b263e12185c65c69f,Dead Men Walk,DOWN,https://castify-backblaze.b-cdn.net/29/481/MV74.mp4
6985f303263e12185c65c5d6,Five Minutes to Love,DOWN,https://castify-backblaze.b-cdn.net/29/481/MV224.mp4
6985f2ef263e12185c65c5c7,Flying Blind,DOWN,https://castify-backblaze.b-cdn.net/29/481/MV249.mp4
6985f486263e12185c65c6ea,Heartbeat,DOWN,https://castify-backblaze.b-cdn.net/29/481/MV281.mp4
6985f31b263e12185c65c5e8,Hearts in Bondage,DOWN,https://castify-backblaze.b-cdn.net/29/481/MV280.mp4
6985f269263e12185c65c564,Hell's House,DOWN,https://castify-backblaze.b-cdn.net/29/481/MV234.mp4
6985f306263e12185c65c5d9,Heroes in Blue,DOWN,https://castify-backblaze.b-cdn.net/29/481/MV238.mp4
6985f447263e12185c65c6bd,High School Caesar,DOWN,https://castify-backblaze.b-cdn.net/29/481/MV232.mp4
6985f3a4263e12185c65c64b,Hoosier Schoolboy,DOWN,https://castify-backblaze.b-cdn.net/29/481/MV223.mp4
6985f259263e12185c65c558,Identity Unknown,DOWN,https://castify-backblaze.b-cdn.net/29/481/MV237.mp4
6985f2cb263e12185c65c5ac,In Love with Life,DOWN,https://castify-backblaze.b-cdn.net/29/481/MV236.mp4
6985f368263e12185c65c621,Invisible Ghost,DOWN,https://castify-backblaze.b-cdn.net/29/481/MV415.mp4
6985f296263e12185c65c585,Kansas City Confidential,DOWN,https://castify-backblaze.b-cdn.net/29/481/MV162.mp4
6985f412263e12185c65c699,Kept Husbands,DOWN,https://castify-backblaze.b-cdn.net/29/481/MV246.mp4
6985f370263e12185c65c627,Law of the Timber,DOWN,https://castify-backblaze.b-cdn.net/29/481/MV241.mp4
6985f28d263e12185c65c57f,Love Bound,DOWN,https://castify-backblaze.b-cdn.net/29/481/MV262.mp4
6985f2b2263e12185c65c59a,Mad Youth,DOWN,https://castify-backblaze.b-cdn.net/29/481/MV263.mp4
6985f2d3263e12185c65c5b2,Manos: The Hands of Fate,DOWN,https://castify-backblaze.b-cdn.net/29/481/MV422.mp4
6985f407263e12185c65c690,Marching On!,DOWN,https://castify-backblaze.b-cdn.net/29/481/MV235.mp4
6985f3b0263e12185c65c654,Meet Dr. Christian,DOWN,https://castify-backblaze.b-cdn.net/29/481/MV239.mp4
6985f340263e12185c65c603,Murder with Music,DOWN,https://castify-backblaze.b-cdn.net/29/481/MV253.mp4
6985f2c1263e12185c65c5a6,My Dog Shep,DOWN,https://castify-backblaze.b-cdn.net/29/481/MV221.mp4
6985f2d0263e12185c65c5af,Napoleon,DOWN,https://castify-backblaze.b-cdn.net/29/481/MV274.mp4
6985f317263e12185c65c5e5,Never Fear,DOWN,https://castify-backblaze.b-cdn.net/29/481/MV245.mp4
6985f2d7263e12185c65c5b5,Night Alarm,DOWN,https://castify-backblaze.b-cdn.net/29/481/MV266.mp4
6985f390263e12185c65c63f,Nothing Sacred,DOWN,https://castify-backblaze.b-cdn.net/29/481/MV290.mp4
6985f388263e12185c65c639,Oliver Twist,DOWN,https://castify-backblaze.b-cdn.net/29/481/MV192.mp4
6985f2aa263e12185c65c594,Omoo-Omoo the Shark God,DOWN,https://castify-backblaze.b-cdn.net/29/481/MV230.mp4
6985f25d263e12185c65c55b,Peck's Bad Boy,DOWN,https://castify-backblaze.b-cdn.net/29/481/MV258.mp4
6985f265263e12185c65c561,Port of New York,DOWN,https://castify-backblaze.b-cdn.net/hw/198/29/481/MV295.mp4
6985f3f7263e12185c65c684,Power Dive,DOWN,https://castify-backblaze.b-cdn.net/29/481/MV248.mp4
6985f330263e12185c65c5f7,Revenge of the Zombies,DOWN,https://castify-backblaze.b-cdn.net/29/481/MV425.mp4
6985f28a263e12185c65c57c,Santa Fe Trail,DOWN,https://castify-backblaze.b-cdn.net/hw/198/29/481/MV215.mp4
6985f43f263e12185c65c6b7,Sensation Hunters,DOWN,https://castify-backblaze.b-cdn.net/29/481/MV142.mp4
6985f354263e12185c65c612,Shadows Over Shanghai,DOWN,https://castify-backblaze.b-cdn.net/29/481/MV272.mp4
6985f2ba263e12185c65c5a0,Sherlock Holmes and the Secret Weapon,DOWN,https://castify-backblaze.b-cdn.net/29/481/MV158.mp4
6985f37c263e12185c65c630,Sinners in Paradise,DOWN,https://castify-backblaze.b-cdn.net/29/481/MV261.mp4
6985f39b263e12185c65c645,Slander House,DOWN,https://castify-backblaze.b-cdn.net/29/481/MV275.mp4
6985f462263e12185c65c6cf,Son of the Navy,DOWN,https://castify-backblaze.b-cdn.net/29/481/MV250.mp4
6985f3e4263e12185c65c678,Sons of Steel,DOWN,https://castify-backblaze.b-cdn.net/29/481/MV254.mp4
6985f3a8263e12185c65c64e,Streets of New York,DOWN,https://castify-backblaze.b-cdn.net/29/481/MV199.mp4
6985f472263e12185c65c6db,Suddenly!,DOWN,https://castify-backblaze.b-cdn.net/29/481/MV157.mp4
6985f3ff263e12185c65c68a,T-Bird Gang,DOWN,https://castify-backblaze.b-cdn.net/29/481/MV240.mp4
6985f44b263e12185c65c6c0,Teenage Thunder,DOWN,https://castify-backblaze.b-cdn.net/29/481/MV251.mp4
6985f374263e12185c65c62a,The Amazing Adventure,DOWN,https://castify-backblaze.b-cdn.net/29/481/MV183.mp4
6985f3f3263e12185c65c681,The Ape Man,DOWN,https://castify-backblaze.b-cdn.net/29/481/MV418.mp4
6985f2f7263e12185c65c5cd,The Big Bluff,DOWN,https://castify-backblaze.b-cdn.net/29/481/MV135.mp4
6985f35c263e12185c65c618,The Big Cat,DOWN,https://castify-backblaze.b-cdn.net/29/481/MV242.mp4
6985f32b263e12185c65c5f4,The Big Lift,DOWN,https://castify-backblaze.b-cdn.net/29/481/MV282.mp4
6985f3bb263e12185c65c65d,The Bigamist,DOWN,https://castify-backblaze.b-cdn.net/29/481/MV226.mp4
6985f2ad263e12185c65c597,The Choppers,DOWN,https://castify-backblaze.b-cdn.net/29/481/MV260.mp4
6985f3c3263e12185c65c663,The Courageous Dr. Christian,DOWN,https://castify-backblaze.b-cdn.net/29/481/MV222.mp4
6985f281263e12185c65c576,The Face at the Window,DOWN,https://castify-backblaze.b-cdn.net/29/481/MV446.mp4
6985f358263e12185c65c615,The Ghoul,DOWN,https://castify-backblaze.b-cdn.net/29/481/MV216.mp4
6985f2f3263e12185c65c5ca,The High Command,DOWN,https://castify-backblaze.b-cdn.net/29/481/MV228.mp4
6985f42f263e12185c65c6ab,The Hoodlum,DOWN,https://castify-backblaze.b-cdn.net/29/481/MV137.mp4
6985f394263e12185c65c642,The Intruder,DOWN,https://castify-backblaze.b-cdn.net/29/481/MV211.mp4
6985f2a2263e12185c65c58e,The Iron Mask,DOWN,https://castify-backblaze.b-cdn.net/29/481/MV210.mp4
6985f344263e12185c65c606,The Last Mile,DOWN,https://castify-backblaze.b-cdn.net/29/481/MV247.mp4
6985f403263e12185c65c68d,The Last of the Mohicans,DOWN,https://castify-backblaze.b-cdn.net/29/481/MV189.mp4
6985f2e7263e12185c65c5c1,The Little Princess,DOWN,https://castify-backblaze.b-cdn.net/29/481/MV203.mp4
6985f29e263e12185c65c58b,The Mad Monster,DOWN,https://castify-backblaze.b-cdn.net/29/481/MV407.mp4
6985f427263e12185c65c6a8,The Magic Sword,DOWN,https://castify-backblaze.b-cdn.net/29/481/MV181.mp4
6985f41f263e12185c65c6a2,The Mystery of the Mary Celeste,DOWN,https://castify-backblaze.b-cdn.net/29/481/MV454.mp4
6985f416263e12185c65c69c,The North Star,DOWN,https://castify-backblaze.b-cdn.net/29/481/MV293.mp4
6985f2db263e12185c65c5b8,The Old Swimmin' Hole,DOWN,https://castify-backblaze.b-cdn.net/29/481/MV265.mp4
6985f436263e12185c65c6b1,The Pace That Kills,DOWN,https://castify-backblaze.b-cdn.net/29/481/MV264.mp4
6985f457263e12185c65c6c9,The Scarlet Pimpernel,DOWN,https://castify-backblaze.b-cdn.net/29/481/MV213.mp4
6985f380263e12185c65c633,The Snows of Kilimanjaro,DOWN,https://castify-backblaze.b-cdn.net/29/481/MV187.mp4
6985f34c263e12185c65c60c,The Southerner,DOWN,https://castify-backblaze.b-cdn.net/29/481/MV276.mp4
6985f285263e12185c65c579,The Strange Love of Martha Ivers,DOWN,https://castify-backblaze.b-cdn.net/29/481/MV179.mp4
6985f482263e12185c65c6e7,The Tunnel,DOWN,https://castify-backblaze.b-cdn.net/29/481/MV449.mp4
6985f2c5263e12185c65c5a9,The Vicious Circle,DOWN,https://castify-backblaze.b-cdn.net/29/481/MV273.mp4
6985f275263e12185c65c56d,They Made Me a Killer,DOWN,https://castify-backblaze.b-cdn.net/29/481/MV140.mp4
6985f3dc263e12185c65c672,Timber Queen,DOWN,https://castify-backblaze.b-cdn.net/29/481/MV259.mp4
6985f271263e12185c65c56a,Time Table,DOWN,https://castify-backblaze.b-cdn.net/29/481/MV136.mp4
6985f379263e12185c65c62d,Trapped by Television,DOWN,https://castify-backblaze.b-cdn.net/29/481/MV447.mp4
6985f44f263e12185c65c6c3,Two Dollar Bettor,DOWN,https://castify-backblaze.b-cdn.net/29/481/MV146.mp4
6985f338263e12185c65c5fd,Warning from Space,DOWN,https://castify-backblaze.b-cdn.net/29/481/MV73.mp4
6985f3e0263e12185c65c675,Wild Weed,DOWN,https://castify-backblaze.b-cdn.net/29/481/MV252.mp4
6985f3a0263e12185c65c648,Woman on the Run,DOWN,https://castify-backblaze.b-cdn.net/29/481/MV134.mp4
6985f453263e12185c65c6c6,Yellowstone,DOWN,https://castify-backblaze.b-cdn.net/29/481/MV269.mp4
6985f3bf263e12185c65c660,You Can't Beat the Law,DOWN,https://castify-backblaze.b-cdn.net/29/481/MV267.mp4
6985f2b6263e12185c65c59d,Terror by Night,DOWN,https://castify-backblaze.b-cdn.net/hw/198/29/481/MV298.mp4
6985f46e263e12185c65c6d8,Double Indemnity,DOWN,https://castify-backblaze.b-cdn.net/hw/198/29/481/MV302.mp4
6985f327263e12185c65c5f1,Too Late for Tears,DOWN,https://castify-backblaze.b-cdn.net/hw/198/29/481/MV303.mp4
6985f30b263e12185c65c5dc,Jail Bait,DOWN,https://castify-backblaze.b-cdn.net/hw/198/29/481/MV304.mp4
6985f2eb263e12185c65c5c4,The Monolith Monsters,DOWN,https://castify-backblaze.b-cdn.net/hw/198/29/481/MV308.mp4
6985f47e263e12185c65c6e4,The St. Louis Bank Robbery,DOWN,https://castify-backblaze.b-cdn.net/hw/198/29/481/MV310.mp4
6985f423263e12185c65c6a5,The Hitch-Hiker,DOWN,https://castify-backblaze.b-cdn.net/hw/198/29/481/MV311.mp4
6985f443263e12185c65c6ba,Three Strangers,DOWN,https://castify-backblaze.b-cdn.net/hw/198/29/481/MV312.mp4
6985f33d263e12185c65c600,The Big Combo,DOWN,https://castify-backblaze.b-cdn.net/hw/198/29/481/MV313.mp4
6985f384263e12185c65c636,Please Murder Me!,DOWN,https://castify-backblaze.b-cdn.net/hw/198/29/481/MV315.mp4
6985f3ac263e12185c65c651,Sabrina,DOWN,https://castify-backblaze.b-cdn.net/hw/198/29/481/MV316.mp4
6985f2a6263e12185c65c591,The Lady Confesses,DOWN,https://castify-backblaze.b-cdn.net/hw/198/29/481/MV317.mp4
6985f3cf263e12185c65c66c,The Red House,DOWN,https://castify-backblaze.b-cdn.net/hw/198/29/481/MV318.mp4
6985f364263e12185c65c61e,Blonde Ice,DOWN,https://castify-backblaze.b-cdn.net/hw/198/29/481/MV320.mp4
6985f2fa263e12185c65c5d0,Strange Illusion,DOWN,https://castify-backblaze.b-cdn.net/hw/198/29/481/MV327.mp4
6985f30f263e12185c65c5df,The Asphalt Jungle,DOWN,https://castify-backblaze.b-cdn.net/hw/198/29/481/MV328.mp4
6985f292263e12185c65c582,Whistle Stop,DOWN,https://castify-backblaze.b-cdn.net/hw/198/29/481/MV329.mp4
6985f40b263e12185c65c693,The Limping Man,DOWN,https://castify-backblaze.b-cdn.net/hw/198/29/481/MV330.mp4
6985f27d263e12185c65c573,The Payoff,DOWN,https://castify-backblaze.b-cdn.net/hw/198/29/481/MV333.mp4
6985f36c263e12185c65c624,Jigsaw,DOWN,https://castify-backblaze.b-cdn.net/hw/198/29/481/MV334.mp4
6985f3b7263e12185c65c65a,Trapped,DOWN,https://castify-backblaze.b-cdn.net/hw/198/29/481/MV335.mp4
6985f433263e12185c65c6ae,Things to Come,DOWN,https://castify-backblaze.b-cdn.net/hw/198/29/481/MV345.mp4
6985f31f263e12185c65c5eb,Fog Island,DOWN,https://castify-backblaze.b-cdn.net/hw/198/29/481/MV347.mp4
6985f45e263e12185c65c6cc,Born for Hell,DOWN,https://castify-backblaze.b-cdn.net/hw/198/29/481/MV358.mp4